0 1 10
0 272 8
1 104 3
1 392 3
2 520 6
2 958 4
2 38 5
3 322 4
4 310 7
5 747 10
6 955 3
6 363 5
6 428 8
6 793 1
7 507 1
7 589 6
7 512 4
8 680 1
8 806 1
9 387 3
9 862 10
9 786 8
9 693 6
9 13 9
10 642 9
10 363 9
10 626 4
10 487 6
11 9 5
12 239 1
13 637 1
13 97 7
13 533 5
13 548 7
14 334 6
14 309 4
14 254 6
14 356 6
15 437 6
15 248 1
15 888 7
15 129 1
16 563 9
16 511 1
16 209 8
16 948 3
17 150 4
17 992 1
17 600 8
17 74 6
18 857 4
18 101 6
19 502 8
20 390 6
21 724 1
21 135 4
21 632 8
22 977 10
23 575 5
23 489 10
23 7 1
24 80 8
24 6 4
24 535 10
24 852 4
25 298 7
25 435 4
25 965 5
25 414 3
25 173 2
26 396 6
26 897 5
26 36 5
26 826 8
26 145 4
27 942 2
28 597 5
28 389 6
28 393 4
29 786 5
29 40 4
29 745 4
30 636 5
31 751 2
31 711 6
31 434 10
31 633 7
31 713 3
32 656 6
32 160 4
33 268 9
33 169 1
34 955 5
34 364 4
34 751 4
34 278 4
35 92 7
35 153 9
35 944 1
36 578 7
36 803 5
36 935 9
36 178 9
36 430 3
37 570 5
38 176 5
38 788 6
38 783 8
39 779 3
39 548 4
39 220 2
39 392 1
39 5 6
40 64 9
40 24 10
40 742 8
41 891 2
41 332 5
41 557 2
42 633 5
42 893 5
42 596 6
42 914 4
42 236 8
43 654 4
43 61 10
43 376 8
44 660 7
44 877 6
44 182 9
44 730 8
45 909 6
45 291 1
45 962 8
46 98 1
46 282 8
46 902 9
47 798 7
47 411 4
48 505 2
48 146 7
48 641 8
49 822 6
49 734 2
49 610 4
49 487 4
49 626 7
50 502 10
50 910 8
50 278 10
50 20 5
51 628 6
51 188 3
51 428 5
51 479 2
52 502 8
52 467 7
53 62 7
53 693 7
53 38 10
53 717 6
53 540 6
54 43 5
55 780 1
56 409 7
56 400 1
56 123 7
56 220 5
57 440 3
57 514 1
57 516 8
57 229 8
57 843 1
58 560 8
58 223 7
59 265 3
59 505 3
59 13 9
59 173 2
60 632 5
60 801 6
61 131 1
61 166 5
61 540 8
61 938 2
62 781 2
62 292 10
62 24 2
62 321 10
62 498 1
63 262 6
63 585 2
63 435 1
63 784 1
63 222 1
64 352 2
64 4 4
65 404 8
66 730 8
66 147 1
67 888 5
67 252 3
67 471 6
68 451 4
68 142 2
69 842 5
69 114 3
69 742 6
69 134 9
69 673 6
70 77 5
70 562 6
70 372 3
70 266 1
71 957 6
72 428 4
72 841 3
72 62 3
73 473 7
73 306 2
73 607 8
73 974 3
74 648 10
75 724 6
76 968 8
76 748 10
76 357 4
77 630 1
78 433 1
78 654 9
78 888 2
78 404 2
79 428 3
79 925 10
80 236 3
80 679 8
80 212 2
80 37 5
80 696 9
81 54 3
81 325 8
81 69 2
81 834 8
82 765 2
82 608 9
82 451 3
82 315 5
83 436 10
83 365 6
83 540 8
84 900 10
84 314 10
85 727 10
85 340 3
85 333 9
85 152 8
85 821 5
86 122 6
86 537 10
87 571 6
88 725 5
88 495 5
88 337 4
88 781 1
88 127 3
89 182 9
89 203 6
89 30 9
89 368 9
89 139 1
90 507 9
90 320 10
90 320 9
91 538 3
91 776 10
91 662 4
92 954 5
92 347 6
92 736 7
92 700 9
93 940 2
93 355 10
94 212 2
95 437 10
95 766 6
95 438 3
95 251 5
95 972 2
96 353 5
97 27 9
97 484 7
97 265 2
97 525 8
98 184 9
98 276 3
98 924 7
99 372 3
99 698 10
99 841 5
99 380 4
100 71 5
100 576 1
100 443 5
100 449 10
101 993 9
101 737 6
101 496 9
101 421 6
101 934 4
102 140 10
102 231 4
102 65 5
102 342 9
103 152 9
104 706 2
104 678 10
104 474 8
104 839 8
105 76 9
105 76 7
105 504 7
106 438 10
106 645 6
106 648 7
106 79 5
107 139 5
107 865 10
107 96 10
107 714 7
108 863 4
108 81 3
108 720 1
108 496 1
109 785 10
109 927 3
109 945 3
110 242 4
110 248 9
111 928 2
111 356 4
111 185 7
112 899 3
112 587 8
112 637 10
113 76 2
113 397 2
114 900 1
114 944 10
114 95 7
114 562 5
115 810 3
115 173 10
115 989 3
115 969 9
115 136 7
116 442 4
116 272 4
116 294 3
117 317 7
117 234 6
117 188 8
117 279 4
117 914 5
118 969 4
119 782 5
119 363 10
119 455 7
120 590 6
120 455 4
120 435 4
121 447 7
121 140 1
121 187 10
121 817 9
122 814 4
122 826 1
122 566 10
122 719 9
123 927 3
124 102 1
124 168 8
125 341 3
126 785 2
126 450 7
126 5 10
126 590 8
126 31 2
127 845 7
128 248 2
128 785 10
129 799 10
129 337 3
129 714 3
129 190 7
129 227 7
130 230 5
130 868 4
130 437 8
130 612 7
130 687 2
131 414 6
131 737 9
131 454 7
132 420 7
132 269 10
133 291 9
133 111 5
133 870 2
133 10 7
133 5 7
134 684 10
134 51 5
134 224 5
134 658 5
135 864 10
135 273 4
135 719 4
135 456 5
135 448 4
136 738 2
136 678 8
136 542 1
136 945 7
137 987 7
137 142 8
138 157 5
138 538 10
138 498 5
138 678 1
138 399 7
139 578 10
139 875 6
139 814 9
139 763 7
140 980 7
141 644 4
141 748 3
141 630 2
142 430 4
142 663 6
143 879 10
143 974 10
143 930 2
144 508 2
144 276 2
144 547 3
145 34 10
145 715 9
145 567 4
145 100 10
145 709 3
146 963 1
146 687 9
147 984 7
148 958 6
148 744 7
148 265 3
149 540 6
149 645 2
149 239 9
149 970 5
149 179 7
150 278 8
150 178 4
150 212 10
150 322 6
150 205 2
151 149 9
151 560 2
151 725 9
151 277 2
151 742 6
152 107 9
152 875 3
152 918 1
152 682 5
152 15 10
153 910 5
153 955 3
153 444 2
153 974 4
153 175 8
154 735 10
154 192 7
154 131 6
154 122 6
155 228 4
155 835 1
155 252 1
155 132 9
155 834 2
156 463 6
156 843 7
156 811 1
156 208 1
156 591 6
157 326 7
158 423 5
158 123 1
158 418 10
159 750 1
159 939 9
159 737 3
159 864 5
160 751 10
160 685 5
160 985 1
160 448 6
161 39 2
161 119 4
161 706 7
161 224 4
162 487 5
162 559 1
163 196 2
163 346 6
164 928 2
165 399 3
165 582 3
166 796 10
167 589 7
168 427 10
168 102 7
169 840 10
169 146 5
170 840 6
170 450 5
170 687 10
170 56 10
170 605 4
171 581 8
172 542 4
172 759 9
172 919 6
173 65 8
173 192 8
173 487 3
174 632 9
174 75 3
175 524 10
176 906 2
176 829 4
176 392 9
177 925 8
177 72 7
178 766 10
178 314 9
178 956 2
178 766 10
179 517 6
179 697 7
180 887 3
181 709 7
181 284 7
182 514 3
182 675 1
182 902 9
182 115 5
182 757 3
183 71 2
183 444 5
183 659 6
183 277 3
184 973 10
184 158 4
184 667 7
184 289 10
185 874 1
185 50 1
185 21 2
186 575 3
187 332 6
187 118 10
187 418 2
187 769 3
187 243 3
188 984 10
189 860 6
189 234 1
190 185 10
190 916 1
191 768 2
191 229 2
192 155 3
192 894 3
192 707 1
193 986 7
194 230 9
194 581 3
194 723 6
194 75 8
194 100 9
195 284 8
195 154 9
195 972 5
195 519 4
196 82 1
197 694 3
197 180 6
197 6 6
198 615 7
198 915 1
198 47 5
198 781 8
199 881 8
199 71 3
199 581 7
199 135 8
200 653 1
201 734 3
202 147 7
203 574 1
204 222 1
204 833 9
204 991 8
205 492 5
205 482 5
205 463 6
205 974 10
205 214 2
206 515 7
206 789 3
206 215 3
206 355 3
207 908 6
208 627 2
208 332 3
208 169 6
209 99 6
209 213 7
209 624 9
209 570 1
209 438 6
210 472 1
210 188 2
211 122 6
211 71 3
211 111 9
212 365 7
212 168 4
212 222 3
213 997 10
213 708 9
213 734 9
213 323 9
213 931 9
214 357 2
214 261 4
214 213 1
214 385 8
214 484 4
215 181 3
216 504 3
216 138 9
216 663 9
216 442 7
216 22 10
217 354 8
217 291 4
217 173 8
217 360 10
218 342 4
218 208 1
218 583 7
218 31 9
219 908 3
219 376 5
219 239 6
220 552 7
220 152 8
221 420 1
221 762 4
221 367 8
222 445 7
222 476 2
223 684 2
223 850 9
224 510 7
224 171 4
224 341 5
224 850 1
224 179 10
225 330 7
225 208 5
225 775 6
225 897 4
225 341 2
226 835 10
226 92 2
226 457 10
226 235 3
226 586 7
227 475 3
228 319 2
229 497 1
230 546 7
230 238 10
230 949 9
230 629 2
230 267 3
231 820 3
232 205 6
232 810 3
232 145 7
232 620 2
233 694 7
233 907 6
234 124 8
234 436 10
234 555 2
234 401 2
234 318 3
235 584 5
235 427 9
235 94 6
236 688 2
237 551 8
237 542 10
237 582 5
238 490 3
238 727 4
238 953 1
239 228 4
239 401 9
239 872 5
240 175 2
240 908 10
240 356 1
240 343 8
241 265 8
241 693 7
241 244 6
241 760 4
242 52 6
242 814 7
242 455 2
242 951 1
242 934 4
243 802 7
243 775 4
243 790 10
243 421 4
244 183 7
244 118 2
245 361 10
245 154 9
245 304 3
245 891 1
246 615 10
247 285 2
247 355 10
248 876 9
248 591 6
248 358 10
248 80 8
248 235 8
249 71 9
250 431 1
250 905 7
251 260 2
252 148 5
253 569 3
253 923 2
254 518 2
254 659 6
254 546 1
254 975 3
254 994 5
255 783 6
255 296 2
255 806 10
255 204 1
255 898 3
256 46 7
256 946 3
256 76 3
257 976 4
257 774 6
257 644 9
258 404 7
259 117 3
259 924 7
259 473 2
259 832 5
259 858 9
260 475 1
260 668 2
261 614 6
261 209 4
261 828 3
261 517 4
262 880 2
262 778 7
262 356 4
263 677 9
263 736 2
263 459 6
264 37 6
264 782 1
265 170 4
265 575 9
266 784 4
266 151 8
267 472 7
267 868 8
267 971 2
268 848 1
268 933 7
269 802 9
269 449 1
269 582 1
270 811 9
270 338 7
270 507 6
270 884 2
270 592 10
271 861 6
271 890 10
271 127 2
271 318 1
272 743 2
272 796 1
272 119 7
272 354 6
272 642 5
273 453 5
273 449 9
273 284 4
273 336 1
273 599 8
274 180 5
274 599 8
275 461 1
275 979 1
276 296 1
276 31 5
276 744 10
277 386 6
277 467 8
277 724 10
277 291 2
277 641 4
278 958 3
278 727 6
278 187 5
278 484 5
279 148 3
280 273 3
280 235 5
280 909 5
281 266 2
282 451 1
282 78 3
282 650 8
283 995 2
283 402 5
283 268 10
283 335 2
283 742 7
284 608 10
284 88 1
284 376 5
284 184 2
285 309 2
286 663 3
286 180 1
286 522 2
286 263 1
287 803 5
287 412 9
287 782 1
287 103 2
288 358 3
288 619 7
288 730 2
289 633 3
289 504 3
289 548 7
290 985 3
290 501 6
290 771 10
290 629 7
291 434 7
292 934 10
293 177 7
293 253 4
293 268 4
294 262 7
294 827 10
295 206 4
295 447 1
295 511 10
295 748 10
295 159 1
296 911 1
296 238 10
296 25 1
296 422 6
297 789 3
297 812 3
297 587 2
298 488 1
298 15 3
298 40 5
298 777 5
298 50 4
299 505 9
299 420 9
299 235 6
299 827 3
300 717 4
300 595 5
300 957 9
301 452 5
302 207 8
302 156 3
302 609 9
302 479 5
303 247 8
303 671 10
303 592 3
304 826 10
304 606 4
304 855 6
304 741 6
304 826 8
305 142 2
305 445 6
305 794 8
305 899 2
306 812 1
306 437 6
307 705 5
308 298 9
308 708 3
309 33 6
309 682 1
309 874 8
309 618 2
309 224 5
310 388 1
310 391 10
310 122 6
310 163 8
310 336 8
311 513 2
311 222 1
311 39 10
311 868 9
311 976 10
312 377 1
312 889 9
312 311 3
312 888 10
313 276 2
313 887 4
314 12 4
314 504 5
314 304 9
314 579 7
314 546 5
315 133 8
315 964 10
316 979 3
316 357 5
317 387 7
318 176 5
318 314 4
319 420 10
319 161 3
320 945 8
320 866 5
320 474 5
320 700 5
321 745 7
321 91 7
321 938 9
321 766 8
321 444 8
322 201 2
323 233 5
323 423 7
323 989 4
323 496 2
323 247 9
324 489 4
324 964 9
324 392 5
324 653 6
324 317 2
325 330 9
325 95 3
325 700 5
325 692 10
326 643 6
326 800 1
327 820 2
327 655 4
328 489 3
328 269 1
329 660 6
330 12 8
330 617 2
330 763 8
330 114 3
331 218 7
332 595 1
332 185 8
333 591 8
333 270 8
333 2 9
334 994 3
334 344 8
334 787 6
334 451 1
335 786 5
336 670 6
336 70 2
336 585 5
336 740 5
337 924 4
337 521 6
338 790 4
339 649 4
339 380 10
339 152 7
340 613 4
340 799 5
340 231 4
341 900 1
341 391 9
341 7 5
341 612 2
341 324 1
342 845 6
342 864 1
342 406 10
342 4 4
342 628 8
343 903 7
343 978 8
343 580 3
344 633 4
344 198 5
344 636 6
344 61 8
344 120 1
345 375 5
345 86 1
345 465 8
345 270 2
345 880 7
346 378 6
346 683 10
347 749 8
347 750 7
347 90 1
347 963 5
348 752 4
348 266 3
348 606 5
348 965 1
349 829 4
349 469 2
349 105 3
349 301 9
350 150 7
350 604 8
350 597 4
351 644 4
351 159 6
351 731 1
351 78 4
351 492 8
352 998 9
352 186 8
352 180 5
352 60 10
352 962 10
353 128 7
353 885 6
353 176 1
353 291 8
354 934 4
354 902 6
354 273 7
355 363 2
356 341 1
357 526 1
357 691 4
357 704 10
357 65 7
358 910 6
358 27 3
358 16 4
359 970 1
359 548 1
359 253 3
360 99 6
360 584 5
360 461 8
360 54 6
361 979 6
362 683 5
362 55 3
362 211 10
362 354 7
363 88 10
363 182 6
363 912 4
363 288 8
364 509 1
365 94 5
366 737 3
366 706 9
366 452 1
367 853 8
367 951 9
367 366 6
367 876 8
367 921 7
368 821 4
368 358 10
368 29 9
369 256 9
369 953 2
369 361 8
370 832 5
370 430 8
370 199 7
370 856 4
370 996 3
371 350 1
371 322 8
371 220 2
371 811 10
371 562 4
372 522 3
372 681 10
372 713 2
373 401 9
373 376 5
373 701 10
373 431 2
374 503 1
374 51 4
375 306 6
375 520 3
375 467 10
375 203 2
375 130 9
376 889 9
376 171 9
377 714 9
377 328 9
377 673 3
377 904 9
377 212 2
378 392 8
378 266 8
378 931 5
378 160 8
378 713 5
379 180 10
379 723 8
379 946 9
380 268 9
380 52 7
380 135 6
380 663 3
380 764 10
381 59 6
381 641 4
381 794 3
382 759 8
382 508 3
382 368 10
382 652 4
383 819 1
384 157 9
384 883 9
384 348 9
384 786 10
385 269 1
386 327 6
386 229 10
386 972 10
386 63 1
386 387 5
387 754 5
387 575 5
387 375 2
388 451 2
388 625 6
388 914 1
388 790 6
388 420 6
389 352 7
389 734 8
389 380 10
389 784 4
390 516 1
390 252 2
390 186 2
390 732 6
390 955 9
391 126 1
391 694 10
392 385 5
392 603 3
393 292 4
393 403 3
394 502 4
394 191 5
394 888 10
395 141 4
395 445 4
396 246 2
397 314 8
397 148 4
397 418 3
397 830 3
397 653 7
398 663 10
398 477 4
398 635 2
398 332 5
399 939 6
399 784 4
399 270 1
400 304 7
400 633 1
401 872 10
401 951 5
401 534 2
402 187 10
402 905 4
403 102 7
403 155 6
404 698 4
405 385 7
405 44 6
405 56 10
405 396 8
406 15 10
406 786 8
407 795 1
407 643 9
407 220 3
407 251 7
407 298 5
408 452 10
409 868 5
409 314 6
409 737 4
410 792 5
410 459 2
410 551 5
411 57 4
411 812 8
412 455 8
412 661 9
412 165 6
412 967 4
412 491 2
413 559 3
414 591 9
414 469 10
414 759 7
414 304 2
414 457 4
415 126 9
415 819 6
415 199 6
416 114 5
416 781 7
416 650 2
416 232 5
416 324 10
417 48 1
418 462 6
418 676 1
418 390 7
419 565 1
419 6 5
420 543 10
421 803 2
422 6 2
422 646 7
422 860 10
423 902 9
423 653 8
423 591 2
424 2 1
424 71 8
424 756 8
424 394 9
424 672 8
425 215 10
425 902 1
425 199 9
425 742 2
425 916 1
426 232 5
427 599 8
428 908 1
428 872 1
428 600 8
428 457 10
428 890 4
429 281 1
429 905 7
429 394 10
430 311 8
430 412 5
431 248 1
431 663 8
431 584 4
431 914 2
432 457 2
432 236 10
432 141 1
432 850 6
433 391 2
433 70 9
433 963 6
433 541 4
434 56 7
434 114 3
434 12 4
434 587 7
434 208 7
435 533 7
435 137 8
435 130 10
435 309 10
436 59 5
437 808 3
438 490 1
438 863 10
438 264 9
438 169 3
439 180 7
439 150 3
439 209 4
440 742 10
441 910 8
442 219 9
442 309 6
442 801 10
443 109 10
443 13 10
444 136 9
445 304 2
445 3 5
445 521 8
445 865 10
446 926 6
447 406 9
447 95 10
448 94 1
448 752 9
449 275 9
449 98 4
450 900 10
450 744 1
450 164 8
451 366 9
451 370 4
451 232 4
451 875 6
452 999 6
452 124 1
452 995 10
452 212 5
452 830 2
453 552 5
454 154 7
454 887 2
455 51 1
455 84 6
455 101 5
456 332 10
457 191 7
458 150 4
458 348 5
458 218 3
458 611 3
458 367 7
459 990 10
459 191 7
459 702 4
460 472 6
461 606 4
461 72 10
461 274 6
462 464 2
462 919 2
462 515 1
462 477 10
462 982 10
463 68 8
463 974 2
463 972 6
463 571 9
464 388 10
464 812 3
465 754 9
465 317 4
465 433 9
465 491 6
466 105 3
466 183 7
466 350 7
466 387 8
467 262 3
467 726 6
467 144 8
468 552 3
468 928 10
468 128 4
468 836 6
468 153 7
469 711 4
469 21 10
469 896 2
469 809 10
469 986 7
470 273 6
470 843 8
470 87 1
470 113 5
471 383 8
471 788 3
472 625 6
472 273 10
472 322 4
472 489 8
472 367 2
473 4 2
474 990 8
474 786 9
475 348 8
475 781 8
475 782 4
475 722 10
475 106 8
476 737 5
476 526 1
477 847 4
477 838 1
477 442 7
477 688 9
478 611 10
478 212 5
478 135 1
479 804 2
479 45 5
479 289 5
479 469 8
479 714 8
480 568 7
480 298 2
481 373 7
481 26 7
481 429 2
481 696 5
481 43 5
482 158 4
482 861 10
483 268 9
484 275 4
484 281 2
485 255 10
485 869 6
485 253 6
485 382 9
485 980 6
486 409 7
486 573 4
487 142 7
487 475 3
487 968 10
488 954 9
489 229 4
489 599 5
490 853 4
490 952 10
490 262 7
491 605 1
491 832 1
491 566 7
491 55 6
492 914 2
493 477 4
494 266 2
494 347 2
494 977 6
495 312 5
495 756 4
495 884 9
495 581 5
495 71 3
496 902 3
496 784 4
497 502 4
498 609 7
499 403 9
499 535 5
499 831 9
500 679 3
501 891 4
501 197 10
501 141 3
501 836 9
502 54 3
502 506 4
502 560 4
502 340 2
502 738 7
503 8 10
503 252 6
503 938 10
503 661 5
503 480 8
504 90 2
504 576 2
504 319 6
504 139 4
504 192 4
505 417 8
505 358 4
505 88 9
506 754 8
506 546 3
506 808 10
506 199 6
506 186 4
507 867 1
507 615 5
507 658 8
507 83 8
508 49 10
508 248 5
509 995 2
509 295 7
509 993 9
509 555 9
509 98 6
510 903 3
510 966 6
510 435 5
510 675 9
510 825 6
511 743 8
512 798 4
512 140 7
512 135 9
512 759 1
513 560 2
513 481 7
513 318 4
514 675 8
514 381 5
515 815 9
515 682 5
515 677 2
515 943 8
515 81 5
516 650 4
516 701 6
516 933 8
516 560 5
517 329 8
517 291 7
517 77 2
517 41 10
518 400 7
518 853 8
518 404 8
519 244 4
519 785 3
520 440 9
521 141 4
521 241 1
521 475 2
521 496 10
522 786 9
523 444 1
523 673 5
523 327 9
524 16 2
524 956 4
524 43 3
525 366 3
525 325 7
525 554 4
525 973 5
526 168 8
526 717 4
526 653 2
526 295 1
527 940 5
527 867 3
527 835 3
527 2 6
528 383 2
528 836 2
529 84 3
529 256 5
529 775 9
529 151 2
530 203 1
531 575 2
531 537 1
531 477 1
531 502 5
532 337 10
532 465 8
532 579 2
533 415 5
533 561 1
533 424 8
533 572 6
533 483 6
534 598 7
534 783 2
535 875 9
535 280 2
535 572 1
535 415 4
535 836 7
536 243 9
536 66 3
536 110 1
536 323 4
537 858 1
537 675 7
537 776 4
537 658 4
537 809 6
538 404 6
538 792 7
538 165 4
539 918 8
539 7 4
539 371 3
539 202 4
540 818 8
540 293 6
541 628 3
541 373 8
541 278 1
541 980 9
542 494 4
542 558 4
542 683 3
543 292 3
543 705 10
543 497 8
543 436 10
543 927 8
544 383 10
545 415 1
545 63 5
546 59 8
546 584 1
546 783 3
546 354 2
546 363 6
547 659 1
547 861 4
547 63 4
547 159 4
548 86 3
549 187 2
550 601 5
550 320 7
550 961 1
550 644 6
551 146 10
551 314 3
551 423 5
551 426 4
552 7 7
553 364 10
553 114 4
554 734 7
554 315 6
554 125 6
555 445 4
555 526 1
555 822 1
555 782 1
555 131 3
556 553 8
556 756 3
556 998 4
557 613 2
557 123 3
558 250 7
559 283 4
559 131 7
560 575 10
561 835 1
562 617 1
562 675 2
562 653 4
563 409 9
564 889 10
564 644 2
565 90 9
565 470 9
565 161 5
565 654 4
565 826 10
566 921 2
566 420 4
567 755 6
568 905 1
569 220 7
570 251 7
571 895 10
571 143 8
571 315 2
571 972 1
571 522 5
572 348 6
573 987 7
573 207 7
574 962 2
574 943 1
575 906 4
575 374 7
575 775 9
575 91 9
576 951 9
576 275 2
576 65 1
576 523 3
576 233 10
577 21 3
577 380 2
577 123 7
578 424 3
578 775 6
579 300 8
579 761 1
579 590 5
579 464 7
580 556 7
580 523 6
580 573 2
581 524 1
581 540 5
581 774 10
582 615 8
582 678 5
583 172 2
583 382 5
583 246 7
583 546 6
583 713 7
584 235 6
584 490 3
584 341 10
584 523 8
585 158 4
585 568 9
585 421 10
585 266 2
585 454 7
586 626 8
586 254 1
587 397 8
587 559 7
587 807 8
588 809 9
588 259 1
588 651 3
589 675 9
589 457 6
589 590 9
589 19 1
589 680 7
590 552 3
590 358 9
590 913 9
590 640 5
590 360 9
591 741 6
591 328 9
591 229 6
592 728 7
592 656 2
593 617 10
593 923 6
594 322 2
594 148 5
594 923 2
595 836 10
595 475 8
595 385 8
595 66 5
596 394 3
596 859 10
596 436 4
596 897 3
596 973 9
597 668 1
597 62 1
597 626 3
597 84 9
598 307 4
598 646 9
598 247 9
598 435 8
599 279 2
599 90 9
599 118 2
599 888 9
600 698 5
600 676 10
600 783 8
600 187 3
601 792 6
602 828 2
602 966 3
602 998 10
602 313 3
603 591 7
603 663 3
603 1 3
604 424 1
605 820 10
605 473 9
606 378 3
606 492 2
606 563 10
606 491 5
607 458 9
607 223 5
607 581 2
607 909 9
608 291 3
608 450 7
608 301 2
609 367 7
609 330 2
609 734 9
609 935 2
610 824 2
610 179 1
610 448 3
611 435 1
611 546 2
611 910 1
611 624 9
612 993 9
612 533 2
612 120 3
612 660 9
612 723 6
613 220 1
613 198 1
614 255 10
614 449 6
614 225 3
615 569 10
616 479 2
616 931 7
617 925 7
618 937 7
618 206 5
618 893 7
618 253 3
618 866 2
619 511 2
620 333 9
620 470 6
620 367 7
620 845 3
621 43 5
621 283 5
621 665 9
621 124 4
622 48 6
623 940 2
623 433 8
623 633 10
623 49 4
623 254 1
624 960 5
624 471 4
624 48 5
624 336 3
624 78 3
625 396 6
626 519 9
627 285 6
628 225 10
628 523 9
629 518 10
629 119 3
629 63 2
630 67 6
630 496 9
630 256 7
631 333 1
632 448 6
632 522 7
632 553 1
633 691 3
634 315 4
635 571 4
636 689 6
637 440 10
637 488 7
637 277 6
637 916 6
637 833 1
638 747 5
639 269 3
639 340 9
640 749 3
640 266 10
640 107 6
641 667 8
641 44 8
641 438 5
641 62 7
642 338 4
643 883 1
643 184 2
643 825 4
644 812 7
644 263 7
644 770 3
645 754 2
645 120 4
645 149 9
645 148 8
646 304 2
646 565 10
647 621 3
647 908 8
647 272 3
647 360 1
648 283 7
648 110 8
649 598 10
649 433 5
649 509 1
650 657 10
650 631 7
650 280 6
650 117 1
650 882 6
651 76 9
651 844 7
651 527 3
651 162 9
652 71 5
652 469 9
652 363 4
653 715 6
653 351 7
653 349 7
653 267 3
654 202 4
654 406 4
655 28 5
655 870 5
655 943 10
655 512 1
656 716 8
656 817 3
656 822 8
656 368 1
656 332 4
657 249 10
657 99 10
657 199 9
657 436 7
658 957 8
658 94 6
658 692 9
658 497 5
659 601 7
659 630 7
660 253 7
660 295 4
660 220 4
661 473 6
661 243 2
662 441 10
662 262 10
662 299 4
662 369 6
662 772 2
663 269 9
663 427 2
663 730 7
663 802 7
664 838 8
664 366 5
664 765 5
665 77 2
666 902 5
666 491 7
667 790 10
668 901 3
668 298 6
669 167 8
669 450 9
669 615 7
669 741 6
670 880 4
670 305 4
671 274 3
671 653 10
671 62 5
672 226 10
672 532 4
672 925 8
673 224 3
673 781 2
673 125 6
674 739 4
675 101 6
675 65 7
675 35 4
675 37 3
675 306 6
676 86 1
676 20 9
676 353 4
676 356 7
676 421 10
677 985 1
678 110 8
678 771 3
679 955 8
679 375 2
680 128 7
681 155 5
682 432 9
683 170 7
684 439 1
684 828 1
684 92 3
684 844 4
684 814 10
685 586 4
685 235 9
685 346 4
686 278 9
686 881 6
687 790 1
687 760 5
687 818 2
687 244 10
688 60 7
688 227 7
689 789 2
689 776 7
689 325 4
689 858 10
690 204 5
690 899 9
690 343 5
690 882 6
691 660 2
692 478 3
692 753 8
693 812 6
694 681 6
694 899 4
694 778 3
694 460 8
695 20 3
695 860 3
696 779 6
696 879 4
696 920 6
696 321 5
696 397 10
697 869 9
697 595 10
697 121 5
697 82 9
698 216 3
699 394 2
700 413 6
700 918 2
701 416 9
701 654 5
701 645 5
701 117 9
701 938 10
702 526 10
702 459 1
702 273 10
703 114 3
703 660 8
703 449 3
703 212 3
703 467 7
704 224 1
704 560 1
704 600 2
704 593 7
704 191 4
705 543 3
705 323 2
705 631 9
705 686 9
705 692 10
706 352 8
707 406 10
707 233 1
708 377 3
709 936 5
709 897 9
709 355 9
709 201 2
710 463 4
711 876 3
712 562 2
713 798 4
713 44 4
713 545 1
713 950 1
714 302 3
715 318 10
715 334 3
715 537 10
715 409 7
715 789 9
716 625 1
716 77 1
717 357 2
717 249 3
718 292 7
719 460 4
719 802 1
719 893 8
720 930 7
721 582 5
722 990 3
722 758 2
723 102 3
723 191 8
723 941 4
723 136 10
724 897 5
725 204 5
725 372 3
725 596 3
725 399 1
726 601 8
727 59 5
728 254 4
728 595 7
728 774 10
728 277 8
728 920 9
729 828 6
729 154 9
729 180 5
729 125 8
730 720 10
730 199 10
730 605 9
730 771 3
730 576 4
731 548 9
731 339 9
731 570 6
731 910 10
732 171 9
732 349 2
732 820 4
732 468 10
732 220 2
733 940 4
733 894 9
733 34 10
733 254 7
734 939 5
735 936 9
735 305 8
735 800 3
735 493 10
736 560 3
737 655 7
737 379 7
738 793 6
738 330 7
738 735 6
738 538 6
739 245 10
739 251 3
739 383 3
739 109 5
739 160 8
740 653 9
740 65 2
740 575 8
740 587 10
741 899 8
741 439 6
741 687 9
741 605 7
741 102 8
742 65 8
742 954 3
742 62 6
743 467 7
744 869 7
744 771 7
744 42 6
745 347 6
745 845 1
745 442 1
745 116 4
746 439 2
747 752 6
748 431 8
748 733 6
749 562 5
749 311 10
749 546 10
749 789 10
749 180 8
750 526 3
750 243 4
750 817 5
750 605 3
750 810 9
751 477 4
751 883 9
751 945 8
751 379 5
752 941 1
752 759 4
752 379 9
752 466 1
752 78 6
753 603 8
753 936 10
754 181 2
754 457 5
754 461 2
754 187 5
754 340 8
755 935 7
755 76 6
755 871 1
755 861 8
756 477 6
756 301 5
756 53 2
756 876 10
757 688 7
757 111 3
757 714 5
758 172 4
758 260 10
758 839 5
759 51 4
759 267 2
759 601 4
760 606 9
761 906 5
761 691 6
761 472 2
762 160 10
762 377 1
762 128 6
762 549 4
762 204 5
763 43 9
764 811 3
764 679 3
764 2 3
765 327 3
765 715 4
765 726 4
765 851 6
765 281 1
766 975 2
767 104 10
767 327 7
767 895 8
768 937 7
768 780 4
768 399 3
768 917 10
769 992 8
769 832 6
770 558 2
770 966 8
771 85 5
771 245 6
771 47 7
772 373 5
772 885 5
772 555 9
772 225 2
772 289 3
773 924 2
774 635 2
774 327 2
775 603 3
775 986 5
775 599 8
776 843 3
777 909 9
777 203 10
777 963 7
777 370 3
777 372 1
778 713 6
778 154 7
778 148 9
778 79 4
779 99 8
779 617 7
779 311 4
779 874 5
779 497 10
780 407 8
780 845 4
780 722 8
780 310 4
781 451 9
781 797 10
781 327 7
782 116 6
782 444 4
782 865 1
783 949 6
784 543 2
785 505 10
785 295 8
785 290 7
785 986 10
785 263 5
786 713 3
786 881 10
786 151 7
786 984 2
787 386 10
787 626 3
788 615 3
788 132 1
788 966 4
788 860 8
788 900 5
789 887 6
789 477 10
789 235 6
789 360 5
789 444 2
790 230 4
790 461 10
790 599 6
791 722 10
791 138 7
791 819 5
792 456 9
793 75 3
793 116 7
793 869 9
794 822 4
795 657 2
795 805 4
796 19 10
796 229 10
796 778 1
797 467 5
797 576 8
797 880 1
798 450 1
798 254 1
799 933 2
799 826 3
799 859 7
799 446 7
800 969 10
800 761 8
800 414 6
800 323 5
801 381 9
801 67 4
801 382 2
802 841 10
802 854 5
802 283 2
802 29 3
802 196 6
803 960 1
804 109 8
804 306 3
804 456 10
804 296 6
805 755 7
805 725 1
805 272 1
805 206 9
806 320 5
806 480 6
807 508 10
807 581 2
807 258 9
808 828 4
808 933 9
809 389 8
809 690 4
810 445 2
810 363 6
811 188 10
811 198 4
811 947 8
811 333 8
812 559 8
813 682 9
813 161 7
813 434 4
813 238 9
813 643 7
814 333 2
814 495 4
815 576 1
816 763 10
817 616 4
817 35 4
817 45 9
817 508 1
817 255 2
818 134 8
819 101 9
820 462 6
820 729 1
820 26 9
820 11 6
820 518 4
821 281 5
821 618 4
821 813 6
821 564 1
822 791 3
822 698 8
822 402 2
822 912 6
822 932 6
823 113 3
823 588 6
823 901 2
823 636 9
823 48 4
824 328 10
824 212 9
825 582 7
825 430 10
825 298 5
825 723 2
825 955 8
826 942 2
826 710 2
826 318 8
826 390 3
827 639 3
827 283 4
828 158 9
828 904 10
829 758 6
829 183 7
830 200 3
830 419 9
831 692 9
831 358 3
832 160 1
832 558 6
832 596 5
832 907 8
833 312 6
834 45 3
835 439 10
835 680 10
836 95 7
836 789 5
836 455 3
837 718 10
838 409 1
838 472 2
838 428 5
838 731 1
838 682 5
839 160 2
840 541 9
840 567 2
840 391 3
841 204 9
841 954 6
841 621 4
841 77 1
842 615 9
842 599 4
842 152 3
842 593 9
843 275 6
843 444 3
843 79 4
843 693 5
843 140 7
844 47 5
844 103 1
845 257 6
845 809 10
846 967 2
847 566 7
847 227 4
847 503 8
847 390 10
848 834 4
848 285 8
848 341 6
849 871 2
849 311 1
849 513 5
849 781 9
849 75 8
850 964 3
850 924 2
850 561 9
851 872 6
851 811 5
851 832 1
851 814 10
852 939 8
852 812 3
853 222 9
854 453 5
855 940 6
855 69 2
856 345 2
856 987 2
857 970 1
857 13 4
857 477 5
858 291 4
858 536 4
858 864 5
858 870 2
858 289 5
859 741 2
859 14 5
859 996 9
859 599 1
860 440 6
860 50 1
861 546 9
862 23 5
862 919 5
863 455 1
863 600 7
863 288 4
864 108 7
864 270 6
864 860 10
864 554 7
865 499 5
865 428 8
866 543 10
866 400 6
866 454 6
866 82 8
866 172 10
867 870 10
867 69 8
867 11 1
867 984 1
867 585 8
868 256 2
868 97 4
868 312 3
868 389 3
868 37 7
869 155 4
869 685 2
869 841 10
870 658 9
870 774 4
870 111 2
871 426 6
871 379 5
871 894 9
872 707 7
872 228 1
872 532 8
872 480 1
873 711 9
874 116 10
874 867 8
875 525 8
875 131 6
875 763 2
875 839 2
876 936 8
876 28 3
877 735 1
877 848 3
878 183 7
879 169 6
879 516 9
879 217 2
880 827 5
880 305 10
880 176 4
880 524 4
880 180 7
881 116 6
881 118 3
882 571 5
882 816 2
883 999 8
883 551 6
883 253 9
883 81 8
883 473 8
884 518 6
884 775 1
884 505 4
884 368 6
884 448 7
885 515 4
885 823 6
885 301 7
886 63 4
886 736 4
886 693 6
887 479 1
887 936 4
887 281 7
888 445 8
888 599 5
889 685 10
889 910 6
889 588 4
890 411 9
890 892 10
890 363 5
890 220 5
891 631 2
891 355 8
891 578 5
891 780 3
891 959 5
892 685 9
892 689 3
893 759 9
893 550 3
893 201 1
893 477 2
893 471 2
894 425 6
894 444 10
895 602 7
895 951 8
896 731 1
897 418 9
897 477 1
897 624 5
898 383 3
898 661 5
898 600 9
898 645 9
898 710 3
899 853 9
899 216 10
900 817 6
900 203 5
901 653 7
901 456 10
901 844 5
902 468 9
902 321 1
902 674 4
902 737 10
902 939 7
903 649 1
903 190 6
903 146 10
903 106 2
903 940 3
904 374 2
905 3 4
905 479 5
905 21 3
905 751 6
905 728 3
906 429 2
906 960 5
906 875 1
906 736 1
906 287 5
907 691 1
908 631 5
908 473 6
908 790 6
908 444 10
908 360 1
909 767 3
909 194 2
909 517 5
910 292 5
910 11 9
910 657 3
910 779 5
910 141 1
911 921 7
911 702 6
912 145 2
912 762 9
912 184 1
913 83 5
913 512 5
913 103 1
913 876 3
913 321 5
914 207 2
915 985 6
915 78 2
915 546 7
916 248 2
916 93 2
916 976 9
916 699 5
917 733 7
918 245 3
919 992 3
919 586 7
919 705 4
919 238 10
920 223 6
920 793 8
920 537 7
921 503 8
922 614 2
922 340 6
922 473 4
922 483 4
923 446 8
924 438 10
925 469 9
925 262 9
925 38 1
925 647 5
926 110 1
926 717 2
926 506 4
926 548 10
927 887 7
927 685 4
928 556 4
928 235 10
928 594 5
928 199 5
928 860 9
929 286 9
929 34 9
929 504 4
930 788 10
930 262 10
930 856 1
931 349 1
931 719 8
931 57 1
931 590 9
932 692 10
933 609 4
933 713 10
933 355 5
933 804 1
933 368 2
934 847 9
935 109 8
935 723 6
935 957 4
935 52 4
935 543 1
936 851 10
937 262 1
937 216 3
938 647 4
938 452 9
938 441 6
938 732 4
938 188 1
939 56 4
939 108 7
939 42 2
940 812 5
940 550 7
941 120 8
942 382 9
942 816 8
942 551 8
942 608 8
943 767 4
944 234 6
944 575 10
944 242 4
944 342 10
945 126 3
945 272 9
945 732 9
945 541 9
945 283 9
946 455 4
946 205 3
947 531 2
948 298 5
949 531 3
949 820 8
950 239 1
950 892 5
950 357 7
950 691 7
950 316 4
951 317 4
951 892 9
951 332 6
951 495 7
951 627 3
952 643 9
952 966 8
952 858 7
952 658 8
952 743 7
953 160 9
953 261 9
953 842 10
954 793 6
954 480 2
954 620 7
954 218 1
955 690 9
955 124 3
956 789 5
956 317 2
956 319 3
957 63 9
957 2 4
957 608 4
957 788 2
958 670 9
958 776 5
958 130 6
958 838 2
958 549 10
959 49 2
959 167 4
960 980 10
960 738 2
960 764 5
961 221 8
961 21 10
961 816 1
962 583 10
962 242 10
962 502 5
963 60 6
963 741 8
963 194 8
963 664 2
963 980 4
964 770 10
964 76 7
964 46 7
965 881 5
965 739 9
965 140 2
965 998 6
966 77 1
966 788 4
966 334 6
966 9 10
966 138 6
967 934 8
968 711 2
968 327 10
968 519 8
968 660 7
969 273 6
969 106 10
969 906 1
970 604 2
970 460 2
971 793 7
971 176 10
972 692 10
972 844 1
972 278 2
972 456 9
972 60 2
973 439 10
973 385 6
973 573 5
974 198 7
974 27 10
974 930 5
975 98 5
975 965 1
975 925 10
976 369 7
976 871 9
977 327 7
977 52 6
977 100 6
978 203 4
978 434 3
978 481 10
978 443 6
978 151 9
979 780 3
980 745 3
980 73 4
980 582 4
980 339 7
980 805 9
981 492 3
981 238 7
981 310 6
982 948 10
982 924 3
982 601 9
982 374 10
982 178 9
983 86 5
983 715 5
984 54 10
984 183 4
984 738 4
984 442 1
985 262 2
985 507 6
986 20 6
986 261 9
986 387 9
986 748 9
987 925 7
987 21 5
987 952 9
988 694 1
988 562 6
988 619 9
988 301 7
989 217 3
989 166 1
989 332 10
989 181 5
990 842 5
990 17 7
990 872 5
991 873 7
992 544 6
992 241 2
993 521 9
994 539 9
995 512 7
995 363 4
996 413 4
996 409 5
996 7 10
997 741 7
998 246 9
999 770 5
999 542 7
999 280 4
