0 0 -1
1 10 0
2 33 333
3 31 905
4 26 473
5 32 39
6 36 422
7 30 341
8 45 503
9 37 11
10 53 133
11 32 867
12 38 314
13 39 59
14 43 859
15 24 298
16 28 524
17 36 990
18 -1 -1
19 19 796
20 30 50
21 30 905
22 43 216
23 52 862
24 36 40
25 29 296
26 42 820
27 38 358
28 37 876
29 29 802
30 -1 -1
31 29 126
32 -1 -1
33 39 309
34 41 145
35 34 675
36 47 26
37 33 675
38 25 925
39 26 161
40 26 298
41 50 517
42 28 744
43 29 524
44 20 713
45 30 479
46 39 964
47 33 771
48 42 417
49 37 508
50 25 298
51 23 455
52 36 380
53 37 756
54 25 360
55 42 491
56 31 939
57 34 411
58 -1 -1
59 30 546
60 33 352
61 39 43
62 40 742
63 22 545
64 35 40
65 29 740
66 40 595
67 36 630
68 38 463
69 39 867
70 24 336
71 27 199
72 37 461
73 38 980
74 42 17
75 40 793
76 38 256
77 29 70
78 34 915
79 14 778
80 33 248
81 37 108
82 33 196
83 38 507
84 28 455
85 31 771
86 32 676
87 45 470
88 26 284
89 -1 -1
90 35 504
91 28 321
92 41 35
93 35 916
94 30 448
95 32 325
96 53 107
97 37 868
98 24 449
99 25 360
100 41 145
101 27 455
102 36 723
103 35 287
104 13 1
105 37 349
106 40 903
107 43 152
108 34 939
109 33 739
110 31 678
111 35 757
112 -1 -1
113 48 823
114 41 434
115 34 182
116 26 782
117 33 650
118 29 599
119 15 272
120 30 612
121 50 697
122 23 154
123 29 158
124 36 621
125 42 729
126 27 415
127 29 88
128 33 468
129 25 15
130 31 958
131 23 154
132 32 788
133 46 315
134 43 818
135 32 199
136 33 444
137 31 435
138 41 966
139 37 504
140 27 965
141 34 910
142 34 305
143 47 571
144 25 467
145 31 912
146 43 169
147 41 66
148 19 778
149 42 151
150 38 439
151 33 266
152 34 220
153 36 468
154 17 778
155 27 192
156 34 302
157 46 138
158 28 585
159 27 295
160 23 839
161 24 319
162 55 651
163 39 310
164 29 450
165 35 538
166 38 989
167 42 959
168 33 526
169 38 438
170 26 265
171 32 224
172 40 758
173 31 25
174 -1 -1
175 44 153
176 26 880
177 49 293
178 42 150
179 38 224
180 28 352
181 36 215
182 29 44
183 36 984
184 27 284
185 42 190
186 29 390
187 28 600
188 26 51
189 -1 -1
190 32 129
191 34 457
192 24 154
193 -1 -1
194 37 909
195 -1 -1
196 32 802
197 52 501
198 31 613
199 24 415
200 43 830
201 34 893
202 37 654
203 31 900
204 35 255
205 40 150
206 30 295
207 34 914
208 33 218
209 36 16
210 -1 -1
211 -1 -1
212 32 94
213 43 209
214 42 205
215 33 206
216 33 698
217 40 989
218 32 954
219 38 442
220 26 890
221 45 961
222 23 63
223 45 920
224 28 161
225 36 772
226 55 672
227 31 847
228 19 872
229 19 796
230 25 790
231 30 340
232 38 451
233 26 707
234 39 117
235 29 584
236 36 42
237 -1 -1
238 35 230
239 18 950
240 -1 -1
241 35 521
242 35 110
243 31 187
244 41 241
245 32 771
246 40 998
247 44 323
248 25 15
249 32 717
250 45 558
251 31 739
252 28 155
253 33 660
254 21 798
255 34 817
256 35 868
257 35 845
258 54 807
259 44 588
260 33 251
261 45 953
262 20 467
263 34 785
264 44 438
265 22 148
266 25 70
267 28 230
268 38 283
269 19 385
270 32 333
271 -1 -1
272 8 0
273 21 354
274 33 461
275 29 449
276 27 98
277 35 151
278 35 50
279 29 599
280 33 535
281 31 429
282 47 46
283 28 802
284 25 273
285 37 848
286 -1 -1
287 33 906
288 33 363
289 30 479
290 36 785
291 31 45
292 28 543
293 42 540
294 29 116
295 26 526
296 28 276
297 -1 -1
298 21 480
299 36 662
300 36 579
301 36 608
302 31 714
303 -1 -1
304 31 414
305 32 880
306 30 804
307 40 598
308 -1 -1
309 33 435
310 31 780
311 33 779
312 36 495
313 55 602
314 34 409
315 38 82
316 21 950
317 28 324
318 32 826
319 21 228
320 43 550
321 21 902
322 33 472
323 35 800
324 26 341
325 29 689
326 53 157
327 34 781
328 32 591
329 48 517
330 38 325
331 -1 -1
332 34 187
333 24 631
334 36 715
335 30 283
336 22 273
337 28 129
338 17 642
339 37 731
340 26 502
341 25 356
342 36 218
343 48 690
344 44 334
345 35 856
346 32 685
347 34 745
348 38 572
349 34 653
350 39 371
351 34 653
352 23 706
353 35 676
354 14 272
355 33 206
356 24 262
357 24 950
358 35 248
359 -1 -1
360 19 908
361 42 245
362 -1 -1
363 25 119
364 45 34
365 39 212
366 37 367
367 31 472
368 35 933
369 38 662
370 29 777
371 38 539
372 27 70
373 39 772
374 38 575
375 37 387
376 30 284
377 37 312
378 34 606
379 36 751
380 29 99
381 37 514
382 35 942
383 31 739
384 -1 -1
385 18 392
386 41 277
387 35 317
388 32 310
389 36 868
390 27 826
391 34 341
392 13 1
393 41 28
394 37 596
395 -1 -1
396 41 625
397 45 587
398 -1 -1
399 32 725
400 30 518
401 27 239
402 33 283
403 35 499
404 31 518
405 -1 -1
406 35 707
407 35 780
408 -1 -1
409 28 838
410 -1 -1
411 30 890
412 42 287
413 36 996
414 29 131
415 18 545
416 43 701
417 41 505
418 30 187
419 49 830
420 31 319
421 33 101
422 34 296
423 33 158
424 37 533
425 33 894
426 38 551
427 21 663
428 17 79
429 30 906
430 37 370
431 41 373
432 41 682
433 35 78
434 38 291
435 23 63
436 35 543
437 30 15
438 35 95
439 35 741
440 37 57
441 36 938
442 29 745
443 46 100
444 24 782
445 30 222
446 38 799
447 27 295
448 29 160
449 20 269
450 21 798
451 34 388
452 38 366
453 26 273
454 30 131
455 22 119
456 37 804
457 27 428
458 55 607
459 36 702
460 36 719
461 27 360
462 36 418
463 30 710
464 35 579
465 34 532
466 39 752
467 17 743
468 29 902
469 33 925
470 44 620
471 35 893
472 29 838
473 24 908
474 21 104
475 34 227
476 25 222
477 35 751
478 42 692
479 25 51
480 19 872
481 42 513
482 45 205
483 35 533
484 40 278
485 -1 -1
486 -1 -1
487 34 173
488 22 298
489 30 324
490 26 584
491 36 606
492 33 606
493 37 735
494 38 542
495 31 88
496 35 108
497 20 229
498 41 62
499 26 865
500 -1 -1
501 42 290
502 24 497
503 35 847
504 33 289
505 33 59
506 28 502
507 30 985
508 27 144
509 40 649
510 35 224
511 29 16
512 34 7
513 35 311
514 32 182
515 37 206
516 28 390
517 40 909
518 23 254
519 49 626
520 39 2
521 34 337
522 30 372
523 31 584
524 26 880
525 37 875
526 25 357
527 49 651
528 -1 -1
529 -1 -1
530 -1 -1
531 34 949
532 26 872
533 29 612
534 29 401
535 31 499
536 39 858
537 35 531
538 31 91
539 35 994
540 36 581
541 39 433
542 34 136
543 25 784
544 43 992
545 17 713
546 22 254
547 28 144
548 30 39
549 35 958
550 36 893
551 34 942
552 31 453
553 39 632
554 39 864
555 41 234
556 35 928
557 52 41
558 38 542
559 39 812
560 28 502
561 30 533
562 30 70
563 37 16
564 37 821
565 50 419
566 33 122
567 34 840
568 26 480
569 36 253
570 34 731
571 39 463
572 32 535
573 42 973
574 32 203
575 31 265
576 30 730
577 -1 -1
578 38 891
579 28 532
580 51 343
581 31 199
582 20 269
583 39 218
584 23 546
585 24 63
586 32 685
587 37 740
588 43 889
589 36 7
590 33 579
591 23 603
592 42 270
593 41 704
594 36 928
595 35 332
596 34 42
597 42 28
598 36 534
599 27 790
600 25 428
601 31 726
602 52 895
603 16 392
604 47 350
605 30 170
606 31 461
607 46 73
608 34 942
609 37 933
610 41 49
611 52 478
612 27 341
613 30 340
614 51 261
615 28 582
616 36 817
617 31 562
618 35 309
619 40 288
620 38 954
621 32 647
622 -1 -1
623 -1 -1
624 41 897
625 35 472
626 40 586
627 35 951
628 29 51
629 27 230
630 30 77
631 23 908
632 38 21
633 31 400
634 -1 -1
635 42 774
636 50 344
637 40 13
638 -1 -1
639 30 827
640 38 590
641 39 277
642 13 272
643 44 407
644 38 141
645 39 701
646 41 422
647 29 925
648 47 106
649 39 903
650 32 516
651 46 588
652 39 382
653 27 526
654 33 43
655 37 737
656 44 592
657 36 910
658 38 507
659 27 254
660 26 691
661 40 503
662 32 91
663 19 603
664 35 963
665 41 621
666 -1 -1
667 34 184
668 35 260
669 -1 -1
670 28 336
671 -1 -1
672 45 424
673 36 523
674 24 902
675 30 182
676 31 418
677 39 515
678 23 104
679 41 80
680 38 835
681 37 372
682 32 838
683 37 542
684 47 223
685 28 160
686 44 705
687 33 130
688 38 236
689 25 892
690 43 809
691 24 950
692 39 325
693 38 843
694 33 233
695 -1 -1
696 42 80
697 45 179
698 30 600
699 38 916
700 34 325
701 34 516
702 35 911
703 -1 -1
704 34 357
705 35 543
706 15 104
707 25 872
708 52 213
709 34 145
710 26 826
711 35 31
712 -1 -1
713 16 778
714 28 129
715 33 653
716 52 656
717 29 526
718 -1 -1
719 32 122
720 35 108
721 -1 -1
722 35 780
723 33 612
724 31 21
725 31 88
726 23 467
727 39 238
728 30 905
729 34 820
730 26 663
731 28 838
732 33 390
733 42 748
734 37 201
735 27 154
736 29 906
737 30 902
738 31 502
739 28 674
740 27 336
741 29 591
742 34 40
743 10 272
744 22 450
745 28 321
746 -1 -1
747 42 5
748 36 295
749 41 640
750 28 159
751 31 31
752 38 448
753 47 692
754 36 506
755 40 567
756 35 495
757 32 182
758 36 829
759 35 512
760 38 687
761 29 579
762 38 912
763 31 875
764 38 960
765 35 82
766 29 321
767 37 943
768 36 191
769 31 187
770 41 644
771 26 678
772 34 662
773 -1 -1
774 40 728
775 35 243
776 30 958
777 26 298
778 10 796
779 29 39
780 27 979
781 27 88
782 20 119
783 25 546
784 23 63
785 29 126
786 30 474
787 42 334
788 31 38
789 27 689
790 21 338
791 45 822
792 37 601
793 37 971
794 40 305
795 36 407
796 9 272
797 37 781
798 20 713
799 31 340
800 30 735
801 39 442
802 26 663
803 35 421
804 27 479
805 40 795
806 44 255
807 45 587
808 33 437
809 39 845
810 37 750
811 35 156
812 31 306
813 42 821
814 27 122
815 46 515
816 34 942
817 32 900
818 35 687
819 24 415
820 33 231
821 36 85
822 42 555
823 45 885
824 43 610
825 41 510
826 24 122
827 27 880
828 37 808
829 30 176
830 40 452
831 35 499
832 34 370
833 41 637
834 29 155
835 28 155
836 35 468
837 -1 -1
838 27 958
839 21 104
840 32 170
841 30 99
842 34 990
843 33 776
844 35 972
845 29 745
846 -1 -1
847 27 934
848 29 877
849 -1 -1
850 29 224
851 41 765
852 40 24
853 30 490
854 31 802
855 37 304
856 33 370
857 -1 -1
858 35 689
859 38 799
860 39 788
861 32 547
862 47 9
863 38 108
864 32 159
865 21 782
866 37 618
867 31 507
868 33 409
869 29 744
870 37 858
871 41 755
872 18 428
873 50 991
874 34 779
875 29 906
876 34 248
877 26 44
878 -1 -1
879 46 696
880 22 262
881 30 965
882 38 650
883 40 751
884 34 270
885 39 772
886 -1 -1
887 31 180
888 31 15
889 39 376
890 21 428
891 33 245
892 22 950
893 33 42
894 27 192
895 45 767
896 35 469
897 36 724
898 37 255
899 34 305
900 26 341
901 38 668
902 20 354
903 38 510
904 46 377
905 27 568
906 28 176
907 32 233
908 18 428
909 35 777
910 33 50
911 29 296
912 29 363
913 42 590
914 32 42
915 32 198
916 33 190
917 46 768
918 35 152
919 38 462
920 39 728
921 35 566
922 -1 -1
923 35 253
924 31 98
925 24 79
926 44 446
927 32 123
928 31 164
929 -1 -1
930 37 974
931 39 378
932 48 822
933 33 799
934 18 354
935 39 609
936 35 887
937 42 618
938 30 321
939 27 902
940 37 93
941 37 723
942 26 826
943 33 574
944 35 35
945 36 109
946 38 256
947 43 811
948 31 16
949 31 783
950 17 713
951 32 401
952 36 490
953 36 238
954 31 488
955 36 390
956 30 524
957 33 71
958 25 148
959 38 891
960 33 906
961 37 550
962 33 352
963 33 777
964 32 850
965 25 975
966 35 788
967 46 412
968 44 487
969 33 118
970 47 149
971 30 267
972 34 95
973 37 184
974 32 463
975 24 254
976 39 257
977 44 494
978 56 343
979 24 316
980 34 140
981 -1 -1
982 46 462
983 -1 -1
984 32 786
985 24 160
986 39 785
987 35 856
988 -1 -1
989 37 115
990 29 474
991 43 204
992 37 17
993 36 101
994 26 254
995 30 283
996 32 370
997 53 213
998 31 965
999 44 452
